0 0.248276 0.187097 0.188506 0.290323
0 0.411494 0.175806 0.156322 0.287097
0 0.580460 0.198387 0.172414 0.338710
0 0.751724 0.200000 0.160920 0.329032
0 0.885057 0.187097 0.156322 0.341935
0 0.068966 0.570968 0.133333 0.290323
0 0.077011 0.161290 0.149425 0.296774
0 0.912644 0.625806 0.151724 0.341935
1 0.924138 0.619355 0.151724 0.341935
1 0.787356 0.606452 0.163218 0.374194
1 0.664368 0.609677 0.156322 0.283871
1 0.512644 0.601613 0.151724 0.312903
1 0.370115 0.574194 0.165517 0.335484
1 0.088506 0.885484 0.167816 0.229032
1 0.264368 0.890323 0.156322 0.219355
1 0.444828 0.887097 0.163218 0.225806
1 0.614943 0.916129 0.154023 0.167742
1 0.787356 0.888710 0.218391 0.222581
1 0.927586 0.917742 0.126437 0.164516