0 0.666146 0.097360 0.103125 0.184818
0 0.861458 0.722772 0.106250 0.184818
0 0.714583 0.701320 0.181250 0.155116
0 0.439063 0.903465 0.053125 0.123762
0 0.484375 0.910891 0.027083 0.141914
0 0.523958 0.913366 0.039583 0.120462
0 0.573438 0.924092 0.044792 0.148515
0 0.340104 0.872937 0.123958 0.108911
0 0.063542 0.933993 0.102083 0.132013
0 0.632812 0.286304 0.051042 0.146865
0 0.677604 0.276403 0.038542 0.103960
0 0.726562 0.281353 0.055208 0.117162
0 0.766146 0.297855 0.032292 0.146865
0 0.935937 0.089934 0.128125 0.176568
0 0.264062 0.293729 0.119792 0.211221