0 0.899231 0.489231 0.201538 0.430769
0 0.742308 0.475897 0.121538 0.402051
0 0.618846 0.437949 0.119231 0.338462
0 0.442692 0.421026 0.125385 0.294359
0 0.791154 0.875385 0.146923 0.249231
0 0.677308 0.844615 0.126923 0.302564
0 0.571923 0.820000 0.091538 0.318974
0 0.385000 0.691795 0.096154 0.234872
0 0.200769 0.374359 0.084615 0.205128
0 0.317692 0.403590 0.046154 0.257436
0 0.286538 0.386667 0.074615 0.207179
0 0.304615 0.875897 0.060000 0.182564
0 0.225769 0.809744 0.060769 0.165128
0 0.095769 0.528718 0.071538 0.120000
0 0.472692 0.707179 0.068462 0.220513
0 0.380000 0.921538 0.081538 0.156923
0 0.221154 0.135897 0.056154 0.249231
0 0.284615 0.113333 0.061538 0.224615
0 0.222308 0.616923 0.053846 0.230769
0 0.274615 0.644103 0.041538 0.229744
0 0.322308 0.661026 0.033846 0.224615
0 0.136538 0.361538 0.068462 0.175385
0 0.537308 0.430769 0.065385 0.291282
0 0.109231 0.162564 0.081538 0.163077
0 0.081923 0.345128 0.034615 0.146667