0 0.091852 0.190099 0.127407 0.253465
0 0.236296 0.202970 0.128889 0.235644
0 0.360000 0.218812 0.121481 0.259406
0 0.485185 0.202970 0.120000 0.263366
0 0.640000 0.219802 0.133333 0.269307
0 0.778519 0.225743 0.140741 0.241584
0 0.926667 0.220792 0.128889 0.255446
0 0.095556 0.502970 0.117037 0.241584
0 0.221481 0.522772 0.117037 0.245545
0 0.354074 0.510891 0.142222 0.233663
0 0.488148 0.527723 0.128889 0.271287
0 0.640741 0.512871 0.134815 0.293069
0 0.780741 0.528713 0.142222 0.257426
0 0.914815 0.520792 0.137778 0.297030
0 0.122963 0.807921 0.136296 0.245545
0 0.249630 0.793069 0.128889 0.203960
0 0.378519 0.817822 0.146667 0.253465
0 0.508148 0.797030 0.139259 0.243564
0 0.648148 0.808911 0.120000 0.247525
0 0.782222 0.828713 0.124444 0.259406
0 0.908889 0.802970 0.122963 0.267327