0 0.070000 0.106509 0.104444 0.153846
0 0.162222 0.094675 0.106667 0.130178
0 0.105556 0.286982 0.077778 0.165680
0 0.196667 0.285503 0.095556 0.150888
0 0.280000 0.276627 0.084444 0.139053
0 0.370000 0.267751 0.077778 0.127219
0 0.103333 0.482249 0.104444 0.136095
0 0.193333 0.479290 0.097778 0.130178
0 0.276667 0.476331 0.077778 0.130178
0 0.367778 0.468935 0.082222 0.150888
0 0.115556 0.633136 0.080000 0.136095
0 0.203333 0.630178 0.095556 0.130178
0 0.031111 0.637574 0.057778 0.139053
0 0.034444 0.292899 0.064444 0.159763
0 0.047778 0.825444 0.091111 0.159763
0 0.303333 0.112426 0.082222 0.130178
0 0.386667 0.096154 0.093333 0.162722
0 0.230000 0.107988 0.055556 0.109467