0 0.561538 0.307531 0.083077 0.200837
0 0.647692 0.313808 0.086154 0.192469
0 0.766154 0.334728 0.104615 0.200837
0 0.883077 0.308577 0.126154 0.244770
0 0.543077 0.549163 0.070769 0.211297
0 0.620769 0.569038 0.084615 0.225941
0 0.729231 0.591004 0.120000 0.253138
0 0.856154 0.629707 0.136923 0.271967
0 0.530000 0.774059 0.100000 0.246862
0 0.620000 0.805439 0.095385 0.221757
0 0.726923 0.824268 0.115385 0.192469
0 0.846154 0.844142 0.141538 0.161088
0 0.276923 0.815900 0.067692 0.200837
0 0.331538 0.846234 0.038462 0.165272
0 0.352308 0.690377 0.073846 0.200837
0 0.313077 0.491632 0.053846 0.158996
0 0.350000 0.506276 0.038462 0.146444
0 0.480769 0.547071 0.056923 0.186192
0 0.489231 0.323222 0.052308 0.156904
0 0.443846 0.323222 0.044615 0.140167
0 0.393846 0.333682 0.046154 0.156904
0 0.334615 0.320084 0.056923 0.138075
0 0.343077 0.123431 0.064615 0.196653
0 0.566923 0.085774 0.096923 0.167364
0 0.964615 0.649059 0.070769 0.302301
0 0.453846 0.114017 0.061538 0.165272
0 0.655385 0.074791 0.080000 0.147490
0 0.760385 0.065377 0.106923 0.128661