0 0.103077 0.371339 0.126154 0.265690
0 0.220385 0.345711 0.142308 0.283473
0 0.351154 0.346234 0.116154 0.278243
0 0.431154 0.360356 0.073077 0.243724
0 0.189231 0.649582 0.133846 0.223849
0 0.310769 0.622385 0.118462 0.217573
0 0.428077 0.610356 0.111538 0.183054
0 0.424231 0.847803 0.142308 0.178870
0 0.316154 0.852510 0.112308 0.169456
0 0.593077 0.366632 0.060000 0.195607
0 0.636538 0.357218 0.054615 0.203975
0 0.693077 0.346234 0.066154 0.196653
0 0.754231 0.346234 0.050000 0.192469
0 0.803846 0.334205 0.043077 0.187238