0 0.594231 0.204284 0.133077 0.335423
0 0.478077 0.215256 0.153077 0.303030
0 0.349231 0.221003 0.127692 0.308255
0 0.609231 0.530303 0.115385 0.237200
0 0.760000 0.517241 0.106154 0.250784
0 0.867308 0.507837 0.096154 0.254963
0 0.962308 0.522989 0.075385 0.289446
0 0.391923 0.823406 0.085385 0.208986
0 0.490385 0.809822 0.116154 0.196447
0 0.586154 0.798851 0.092308 0.230930
0 0.752692 0.775862 0.083846 0.224660
0 0.842692 0.764890 0.114615 0.238245
0 0.940000 0.770115 0.075385 0.271682
0 0.597692 0.538140 0.115385 0.242424
0 0.497308 0.512017 0.102308 0.234065
0 0.385385 0.544410 0.130769 0.244514
0 0.790000 0.182863 0.103077 0.332288
0 0.895000 0.182863 0.097692 0.288401