0 0.458333 0.078437 0.228333 0.129375
0 0.727917 0.344062 0.247500 0.136875
0 0.559167 0.352500 0.105000 0.125000
0 0.802500 0.621563 0.203333 0.171875
0 0.624583 0.617188 0.184167 0.156875
0 0.252083 0.588125 0.187500 0.136250
0 0.187500 0.338125 0.178333 0.125000
0 0.358750 0.344062 0.157500 0.145625
0 0.443333 0.605000 0.190000 0.152500
0 0.647500 0.729062 0.118333 0.104375
0 0.760000 0.745938 0.118333 0.138125
0 0.745417 0.913750 0.279167 0.145000
0 0.527083 0.885312 0.207500 0.158125
0 0.337083 0.876250 0.195833 0.142500
0 0.192083 0.839375 0.145833 0.133750
0 0.121250 0.707187 0.100833 0.093125
0 0.121250 0.937813 0.074167 0.096875
0 0.192917 0.956562 0.074167 0.074375