0 0.561111 0.597633 0.122222 0.289941
0 0.697778 0.667160 0.137778 0.281065
0 0.837778 0.612426 0.120000 0.260355
0 0.835556 0.309172 0.124444 0.257396
0 0.953333 0.372781 0.093333 0.284024
0 0.952222 0.668639 0.095556 0.289941
0 0.950000 0.908284 0.100000 0.177515
0 0.831111 0.886095 0.115556 0.227811
0 0.697778 0.909763 0.142222 0.180473
0 0.560000 0.875740 0.128889 0.248521
0 0.430000 0.909763 0.144444 0.180473
0 0.427778 0.670118 0.135556 0.292899
0 0.424444 0.375740 0.142222 0.284024
0 0.432222 0.113905 0.131111 0.221893
0 0.294444 0.072485 0.113333 0.139053
0 0.174444 0.115385 0.135556 0.218935
0 0.296667 0.313609 0.122222 0.272189
0 0.291111 0.612426 0.111111 0.278107
0 0.171111 0.664201 0.120000 0.269231
0 0.293333 0.881657 0.115556 0.236686
0 0.171111 0.906805 0.128889 0.186391
0 0.055556 0.860947 0.106667 0.266272
0 0.054444 0.582840 0.104444 0.272189
0 0.053333 0.291420 0.102222 0.275148
0 0.051111 0.072485 0.097778 0.139053
0 0.701111 0.110947 0.135556 0.210059
0 0.833333 0.081361 0.115556 0.156805
0 0.701111 0.368343 0.148889 0.275148
0 0.838889 0.312130 0.113333 0.269231
0 0.563333 0.297337 0.122222 0.286982
0 0.567778 0.078402 0.122222 0.150888
0 0.174444 0.374260 0.126667 0.281065
0 0.951111 0.112426 0.097778 0.218935