3 0.151639 0.729508 0.300546 0.366120
3 0.402322 0.850638 0.296448 0.284153
3 0.707650 0.842441 0.319672 0.315118
3 0.346995 0.564663 0.281421 0.309654
3 0.607240 0.601093 0.269126 0.320583
3 0.865437 0.630237 0.260929 0.287796
3 0.092213 0.505464 0.181694 0.285974
3 0.216530 0.382514 0.247268 0.306011
3 0.470628 0.377960 0.230874 0.260474
3 0.705601 0.441712 0.247268 0.245902
3 0.926230 0.439891 0.144809 0.249545
3 0.793716 0.325137 0.221311 0.304189
3 0.574454 0.252277 0.228142 0.249545
3 0.349727 0.240437 0.221311 0.251366
3 0.125000 0.234973 0.219945 0.225865
3 0.733607 0.150273 0.204918 0.194900
3 0.924863 0.153916 0.150273 0.165756
3 0.448087 0.103825 0.207650 0.204007
3 0.094945 0.113843 0.187158 0.191257
3 0.247951 0.928051 0.315574 0.143898
3 0.903689 0.951730 0.192623 0.085610