3 0.126215 0.547778 0.189931 0.295556
3 0.261458 0.694167 0.199306 0.310556
3 0.433507 0.697222 0.161458 0.284444
3 0.648611 0.778333 0.182639 0.302222
3 0.101562 0.266944 0.185764 0.276111
3 0.886979 0.647500 0.181597 0.292778
3 0.243576 0.398611 0.165625 0.310556
3 0.528125 0.375556 0.190972 0.310000
3 0.169618 0.891944 0.172569 0.216111
3 0.879340 0.383611 0.170486 0.265000
3 0.397743 0.133611 0.187847 0.261667
3 0.586632 0.131944 0.185764 0.258333
3 0.703125 0.374722 0.181944 0.315000
3 0.594792 0.632222 0.175694 0.274444
3 0.793576 0.138611 0.231597 0.268333