3 0.294286 0.881429 0.200000 0.237143
3 0.520000 0.891429 0.200000 0.217143
3 0.750000 0.884286 0.208571 0.231429
3 0.175714 0.662857 0.202857 0.245714
3 0.400000 0.662857 0.194286 0.228571
3 0.635714 0.668571 0.197143 0.245714
3 0.860000 0.658571 0.211429 0.248571
3 0.282857 0.472857 0.188571 0.231429
3 0.504286 0.468571 0.202857 0.245714
3 0.745714 0.462857 0.188571 0.245714
3 0.172857 0.267143 0.202857 0.254286
3 0.392857 0.258571 0.191429 0.237143
3 0.632857 0.260000 0.202857 0.240000
3 0.852857 0.267143 0.191429 0.248571
3 0.277143 0.082857 0.200000 0.160000
3 0.518571 0.088571 0.197143 0.171429
3 0.737143 0.084286 0.205714 0.162857
3 0.937143 0.455714 0.125714 0.254286