3 0.227857 0.837143 0.230000 0.314286
3 0.455000 0.823810 0.230000 0.306667
3 0.683571 0.820000 0.232857 0.318095
3 0.898571 0.810476 0.202857 0.302857
3 0.126429 0.626667 0.215714 0.297143
3 0.345000 0.618095 0.221429 0.283810
3 0.567143 0.610476 0.220000 0.283810
3 0.787143 0.590476 0.222857 0.274286
3 0.876429 0.382857 0.212857 0.255238
3 0.665000 0.406667 0.210000 0.272381
3 0.459286 0.421905 0.201429 0.234286
3 0.247143 0.425714 0.220000 0.253333
3 0.150000 0.284762 0.211429 0.268571
3 0.355714 0.240000 0.211429 0.243810
3 0.556429 0.253333 0.195714 0.247619
3 0.759286 0.226667 0.207143 0.255238
3 0.929286 0.207619 0.141429 0.243810
3 0.082857 0.112381 0.162857 0.220952
3 0.260714 0.108571 0.192857 0.213333
3 0.455000 0.087619 0.195714 0.167619
3 0.652857 0.097143 0.194286 0.190476
3 0.847857 0.088571 0.201429 0.173333
3 0.345000 0.931429 0.235714 0.137143
3 0.112857 0.943810 0.222857 0.108571
3 0.575000 0.932381 0.221429 0.135238
3 0.800000 0.934286 0.228571 0.131429