3 0.236842 0.448753 0.246537 0.243767
3 0.364266 0.835180 0.240997 0.263158
3 0.609418 0.831025 0.249307 0.265928
3 0.721607 0.655125 0.235457 0.240997
3 0.490305 0.656510 0.238227 0.238227
3 0.259003 0.668975 0.224377 0.229917
3 0.591413 0.501385 0.207756 0.216066
3 0.800554 0.491690 0.210526 0.213296
3 0.591413 0.171745 0.196676 0.204986
3 0.569252 0.354571 0.196676 0.177285
3 0.761773 0.346260 0.188366 0.188366
3 0.292244 0.245152 0.185596 0.168975
3 0.397507 0.163435 0.168975 0.166205
3 0.376731 0.346260 0.193906 0.177285
3 0.177285 0.360111 0.193906 0.171745
3 0.700831 0.227147 0.155125 0.149584
3 0.476454 0.254848 0.182825 0.182825
3 0.382271 0.505540 0.216066 0.218837