3 0.232687 0.450139 0.238227 0.246537
3 0.396122 0.504155 0.182825 0.221607
3 0.591413 0.505540 0.213296 0.218837
3 0.799169 0.493075 0.207756 0.210526
3 0.260388 0.667590 0.227147 0.232687
3 0.490305 0.652355 0.238227 0.235457
3 0.722992 0.655125 0.232687 0.235457
3 0.364266 0.833795 0.240997 0.260388
3 0.610803 0.831025 0.246537 0.260388
3 0.591413 0.173130 0.196676 0.207756
3 0.397507 0.157895 0.168975 0.155125
3 0.295014 0.245152 0.180055 0.157895
3 0.180055 0.357341 0.193906 0.166205
3 0.376731 0.349030 0.188366 0.177285
3 0.569252 0.355956 0.196676 0.185596
3 0.763158 0.346260 0.191136 0.188366
3 0.468144 0.238227 0.171745 0.149584
3 0.688366 0.236842 0.174515 0.168975