3 0.295000 0.367001 0.226667 0.312422
3 0.476250 0.529486 0.225833 0.313676
3 0.623333 0.358846 0.220000 0.323714
3 0.740417 0.581556 0.222500 0.332497
3 0.923750 0.471769 0.152500 0.326223
3 0.111250 0.678168 0.220833 0.307403
3 0.477917 0.836888 0.254167 0.326223
3 0.109583 0.177541 0.215833 0.322459
3 0.248333 0.857591 0.191667 0.284818
3 0.910000 0.900878 0.180000 0.195734
3 0.476667 0.836261 0.251667 0.327478
3 0.450000 0.196361 0.221667 0.337516
3 0.808333 0.260979 0.210000 0.321205
3 0.720833 0.861355 0.221667 0.277290
3 0.637083 0.121079 0.205833 0.237139
3 0.308333 0.631744 0.201667 0.277290