3 0.618164 0.352667 0.244141 0.340000
3 0.152344 0.342000 0.255859 0.342667
3 0.384766 0.359333 0.251953 0.356000
3 0.865723 0.350667 0.256836 0.336000
3 0.253906 0.655333 0.251953 0.348000
3 0.500488 0.676667 0.256836 0.350667
3 0.737793 0.710000 0.245117 0.353333
3 0.111816 0.902000 0.221680 0.185333
3 0.343750 0.906667 0.250000 0.186667
3 0.624023 0.918000 0.265625 0.164000
3 0.878418 0.927333 0.239258 0.145333
3 0.062500 0.667333 0.123047 0.340000
3 0.920410 0.708000 0.159180 0.328000
3 0.752930 0.108000 0.257812 0.213333
3 0.939941 0.128667 0.120117 0.254667
3 0.514160 0.109333 0.217773 0.216000
3 0.266113 0.108667 0.247070 0.214667
3 0.070312 0.110000 0.138672 0.217333