3 0.416450 0.330247 0.124675 0.216049
3 0.564502 0.244599 0.129870 0.208333
3 0.527273 0.466049 0.138528 0.234568
3 0.649784 0.401235 0.118615 0.212963
3 0.751082 0.518519 0.137662 0.231481
3 0.392641 0.560185 0.139394 0.250000
3 0.497835 0.706790 0.128139 0.228395
3 0.599134 0.834105 0.116017 0.208333
3 0.722944 0.747685 0.121212 0.233025
3 0.150216 0.682870 0.129004 0.220679
3 0.339394 0.913580 0.124675 0.169753
3 0.854113 0.664352 0.135931 0.236111
3 0.818182 0.888889 0.131602 0.216049
3 0.941126 0.834105 0.117749 0.214506