4 0.392296 0.226257 0.114780 0.374302
4 0.502358 0.233240 0.108491 0.360335
4 0.613994 0.241620 0.105346 0.365922
4 0.727201 0.233240 0.108491 0.371508
4 0.838836 0.238827 0.108491 0.365922
4 0.945755 0.244413 0.108491 0.382682
4 0.281447 0.230447 0.110063 0.354749
4 0.169025 0.230447 0.117925 0.371508
4 0.055031 0.236034 0.106918 0.365922
4 0.058962 0.703911 0.108491 0.357542
4 0.172170 0.703911 0.105346 0.351955
4 0.283805 0.705307 0.114780 0.354749
4 0.390723 0.712291 0.092767 0.368715
4 0.494497 0.702514 0.108491 0.349162
4 0.604560 0.708101 0.108491 0.360335
4 0.714623 0.712291 0.108491 0.368715
4 0.829403 0.712291 0.117925 0.379888
4 0.944182 0.715084 0.102201 0.368715