2 0.775362 0.340580 0.159420 0.072464
2 0.929952 0.330918 0.140097 0.072464
2 0.782609 0.415459 0.151369 0.057971
2 0.933172 0.416667 0.133655 0.065217
2 0.658615 0.352657 0.086957 0.038647
2 0.661836 0.408213 0.096618 0.038647
2 0.669887 0.463768 0.096618 0.043478
2 0.665056 0.521739 0.093398 0.043478
2 0.789050 0.545894 0.144928 0.057971
2 0.933977 0.557971 0.132045 0.048309
2 0.558776 0.626812 0.093398 0.060386
2 0.678744 0.660628 0.123994 0.065217
2 0.816425 0.714976 0.135266 0.067633
2 0.939614 0.814010 0.120773 0.082126
2 0.805958 0.865942 0.130435 0.084541
2 0.937198 0.921498 0.125604 0.089372
2 0.527375 0.893720 0.091787 0.072464
2 0.527375 0.948068 0.088567 0.084541
2 0.630435 0.950483 0.107890 0.084541