2 0.130208 0.104610 0.231250 0.124113
2 0.375000 0.122340 0.216667 0.159574
2 0.617708 0.129433 0.239583 0.109929
2 0.882292 0.138298 0.235417 0.092199
2 0.127083 0.375887 0.250000 0.106383
2 0.372917 0.393617 0.216667 0.120567
2 0.630208 0.393617 0.235417 0.106383
2 0.876042 0.390071 0.218750 0.120567
2 0.123958 0.638298 0.243750 0.120567
2 0.376042 0.664894 0.231250 0.117021
2 0.627083 0.631206 0.225000 0.127660
2 0.872917 0.620567 0.212500 0.106383
2 0.127083 0.893617 0.241667 0.148936
2 0.383333 0.914894 0.225000 0.163121
2 0.629167 0.884752 0.233333 0.145390