1 0.360920 0.567742 0.165517 0.283871
1 0.516092 0.601613 0.135632 0.267742
1 0.644828 0.614516 0.112644 0.280645
1 0.772414 0.600000 0.128736 0.322581
1 0.917241 0.601613 0.165517 0.293548
1 0.760920 0.903226 0.170115 0.193548
1 0.920690 0.917742 0.158621 0.164516
1 0.613793 0.929032 0.165517 0.141935
1 0.431034 0.895161 0.163218 0.209677
1 0.263218 0.896774 0.167816 0.206452
1 0.096552 0.904839 0.183908 0.190323
0 0.070115 0.575806 0.135632 0.280645
0 0.083908 0.177419 0.163218 0.348387
0 0.257471 0.170968 0.193103 0.264516
0 0.417241 0.172581 0.154023 0.274194
0 0.577011 0.175806 0.179310 0.293548
0 0.742529 0.198387 0.160920 0.325806
0 0.893103 0.183871 0.149425 0.329032