1 0.227483 0.157554 0.198614 0.152518
1 0.397229 0.165468 0.154734 0.142446
1 0.557737 0.165468 0.157044 0.145324
1 0.724018 0.169065 0.170901 0.175540
1 0.274827 0.479137 0.136259 0.122302
1 0.429561 0.482734 0.150115 0.117986
1 0.609700 0.481295 0.136259 0.117986
1 0.735566 0.491367 0.115473 0.115108
1 0.257506 0.771223 0.110855 0.102158
1 0.383372 0.767626 0.103926 0.100719
1 0.497691 0.756835 0.129330 0.119424
1 0.601617 0.765468 0.064665 0.096403
1 0.696305 0.762590 0.115473 0.105036
0 0.266744 0.631655 0.124711 0.122302
0 0.382217 0.644604 0.106236 0.090647
0 0.495381 0.633813 0.101617 0.103597
0 0.605081 0.620863 0.080831 0.094964
0 0.707852 0.618705 0.101617 0.105036