1 0.870625 0.214883 0.148750 0.302676
1 0.843750 0.511706 0.140000 0.301003
1 0.818125 0.815217 0.141250 0.309365
1 0.708750 0.818562 0.087500 0.292642
1 0.956875 0.827759 0.086250 0.331104
1 0.963750 0.507525 0.072500 0.309365
1 0.972500 0.198997 0.055000 0.301003
1 0.741250 0.250000 0.087500 0.269231
1 0.717500 0.512542 0.092500 0.285953
1 0.601875 0.816890 0.103750 0.302676
1 0.623125 0.528428 0.088750 0.237458
1 0.640000 0.275920 0.092500 0.250836
1 0.555625 0.254181 0.073750 0.254181
1 0.532500 0.487458 0.060000 0.242475
1 0.517500 0.733278 0.050000 0.232441
1 0.515625 0.938127 0.058750 0.123746
1 0.468750 0.258361 0.077500 0.229097
1 0.451250 0.499164 0.087500 0.245819
1 0.431250 0.748328 0.092500 0.245819
1 0.426875 0.939799 0.098750 0.113712
1 0.384375 0.257525 0.076250 0.230769
1 0.356875 0.480769 0.078750 0.212375
1 0.336875 0.722408 0.083750 0.220736
1 0.328750 0.925585 0.085000 0.142140
0 0.241250 0.229097 0.110000 0.177258
0 0.219375 0.423077 0.106250 0.200669
0 0.198750 0.631271 0.105000 0.229097
0 0.175000 0.849498 0.097500 0.210702
0 0.142500 0.234114 0.075000 0.200669
0 0.122500 0.420569 0.085000 0.198997
0 0.100625 0.622074 0.081250 0.210702
0 0.084375 0.796823 0.073750 0.158863
0 0.070625 0.958194 0.086250 0.076923
0 0.033125 0.249164 0.053750 0.173913
0 0.026875 0.441472 0.051250 0.153846