1 0.325625 0.438127 0.138750 0.207358
1 0.320625 0.229097 0.136250 0.207358
1 0.156875 0.221572 0.138750 0.182274
1 0.406875 0.640468 0.126250 0.170569
0 0.273125 0.637960 0.111250 0.165552
0 0.713125 0.375418 0.138750 0.242475
0 0.775000 0.173913 0.140000 0.163880
0 0.846875 0.366221 0.108750 0.200669
0 0.818750 0.923913 0.097500 0.132107
0 0.725625 0.872910 0.106250 0.120401
0 0.465625 0.367057 0.141250 0.229097
0 0.469375 0.158027 0.116250 0.182274
1 0.196250 0.876254 0.082500 0.150502
1 0.270000 0.889632 0.065000 0.140468
1 0.613750 0.653010 0.122500 0.209030