1 0.739333 0.823000 0.164000 0.200000
1 0.600667 0.779250 0.160000 0.207500
1 0.482333 0.758000 0.110000 0.170000
1 0.368667 0.743750 0.186667 0.158500
1 0.803333 0.554000 0.218667 0.200000
1 0.635667 0.510000 0.150000 0.163000
1 0.506333 0.516500 0.127333 0.167000
1 0.344333 0.514250 0.180667 0.168500
0 0.879333 0.249000 0.204000 0.230000
0 0.699333 0.262250 0.156000 0.221500
0 0.529000 0.250750 0.184667 0.275500
0 0.316667 0.227250 0.213333 0.271500
0 0.524333 0.932750 0.122000 0.128500
0 0.650667 0.945750 0.122667 0.108500
0 0.798667 0.957000 0.178667 0.086000